I-0424-21
Mario
Topalovic
 1 |  7 | 14 |  0 |  9 |  4 | 18 | 18 |  2 |  4 | 
-----------------------------------------------------
I-0119-21
Semir
Brkic
 5 |  5 |  1 |  7 |  1 | 11 | 15 |  2 |  7 | 16 | 
-----------------------------------------------------
I-0041-20
Amir
Smailhodzic
11 |  4 |  2 | 13 | 12 |  2 |  1 | 16 | 18 | 15 | 
-----------------------------------------------------
I-0127-21
Petar
Metric
 7 |  6 | 11 | 18 |  9 | 12 |  7 | 19 | 15 | 14 | 
-----------------------------------------------------
I-0165-21
Kenaid
Ahmovic
 3 | 11 |  2 | 13 | 13 |  4 |  1 | 11 | 13 |  8 | 
-----------------------------------------------------
I-0103-21
Selma
Topcic
 1 |  7 | 14 |  0 |  9 |  4 | 18 | 18 |  2 |  4 | 
-----------------------------------------------------
I-0440-21
Alija
Begic
 5 |  5 |  1 |  7 |  1 | 11 | 15 |  2 |  7 | 16 | 
-----------------------------------------------------
I-0175-21
Zeljko
Ladan
11 |  4 |  2 | 13 | 12 |  2 |  1 | 16 | 18 | 15 | 
-----------------------------------------------------
I-0469-21
Safet
Ibeljic
 7 |  6 | 11 | 18 |  9 | 12 |  7 | 19 | 15 | 14 | 
-----------------------------------------------------
I-0067-20
Nail
Ljetic
 3 | 11 |  2 | 13 | 13 |  4 |  1 | 11 | 13 |  8 | 
-----------------------------------------------------
I-0413-21
Pirija
Kadric
 1 |  7 | 14 |  0 |  9 |  4 | 18 | 18 |  2 |  4 | 
-----------------------------------------------------
I-0109-21
Sladjan
Spahodzic
 5 |  5 |  1 |  7 |  1 | 11 | 15 |  2 |  7 | 16 | 
-----------------------------------------------------
I-0168-21
Bekrija
Bajramovic
11 |  4 |  2 | 13 | 12 |  2 |  1 | 16 | 18 | 15 | 
-----------------------------------------------------
I-0406-21
Dzenan
Zenuni
 7 |  6 | 11 | 18 |  9 | 12 |  7 | 19 | 15 | 14 | 
-----------------------------------------------------
I-0134-20
Belma
Djuvic
 3 | 11 |  2 | 13 | 13 |  4 |  1 | 11 | 13 |  8 | 
-----------------------------------------------------
I-0115-21
Mehmed
Klopic
 7 |  4 |  2 | 17 | 17 | 19 |  3 |  1 |  9 | 18 | 
-----------------------------------------------------
I-0100-20
Tatjana
Maric
16 | 15 | 10 |  2 |  8 |  6 |  0 |  2 |  4 |  8 | 
-----------------------------------------------------
I-0128-21
Boris
Suljkanovic
 6 |  5 | 10 |  9 | 10 | 10 |  6 |  1 | 13 |  8 | 
-----------------------------------------------------
I-0169-20
Semso
Sabanovic
 9 |  3 |  4 | 14 | 16 |  0 |  6 | 16 | 11 |  8 | 
-----------------------------------------------------
I-0120-21
Jovan
Krstanovic
 4 | 19 |  6 |  3 | 17 | 18 | 18 |  2 |  9 |  1 | 
-----------------------------------------------------
I-0123-21
Petra
Komljen
 1 |  7 | 14 |  0 |  9 |  4 | 18 | 18 |  2 |  4 | 
-----------------------------------------------------
I-0416-21
Marija
Novic
 5 |  5 |  1 |  7 |  1 | 11 | 15 |  2 |  7 | 16 | 
-----------------------------------------------------
I-0431-21
Slobodan
Gojsic
11 |  4 |  2 | 13 | 12 |  2 |  1 | 16 | 18 | 15 | 
-----------------------------------------------------
I-0411-21
Nedim
Catic
 7 |  6 | 11 | 18 |  9 | 12 |  7 | 19 | 15 | 14 | 
-----------------------------------------------------
I-0136-21
Ifet
Bajric
 3 | 11 |  2 | 13 | 13 |  4 |  1 | 11 | 13 |  8 | 
-----------------------------------------------------
I-0154-21
Elvir
Ipsalic
 7 |  4 |  2 | 17 | 17 | 19 |  3 |  1 |  9 | 18 | 
-----------------------------------------------------
I-0135-21
Tanja
Kovac
16 | 15 | 10 |  2 |  8 |  6 |  0 |  2 |  4 |  8 | 
-----------------------------------------------------
I-0444-21
Isak
Tovalik
 6 |  5 | 10 |  9 | 10 | 10 |  6 |  1 | 13 |  8 | 
-----------------------------------------------------
